Size (n) , Time(Milliseconds)
1000 , 2961
1100 , 2941
1200 , 3233
1300 , 3866
1400 , 4840
1500 , 5855
1600 , 7337
1700 , 8904
1800 , 9849
1900 , 12585
2000 , 14243
2100 , 15923
2200 , 16712
2300 , 16967
2400 , 18007
2500 , 19153
2600 , 20311
2700 , 20533
2800 , 22226
2900 , 23141
3000 , 27952
3100 , 24881
3200 , 26615
3300 , 25984
3400 , 27075
3500 , 28264
3600 , 41529
3700 , 29861
3800 , 31895
3900 , 32054
4000 , 35636
4100 , 33879
4200 , 34720
4300 , 34877
4400 , 36712
4500 , 37775
4600 , 38844
4700 , 38699
4800 , 40202
4900 , 41492
5000 , 42427
5100 , 42310
5200 , 43011
5300 , 45744
5400 , 45463
5500 , 47809
5600 , 51395
5700 , 49365
5800 , 50888
5900 , 50898
6000 , 51313
6100 , 51401
6200 , 56278
6300 , 55570
6400 , 55905
6500 , 58226
6600 , 57823
6700 , 59021
6800 , 59362
6900 , 61081
7000 , 63817
7100 , 63970
7200 , 64936
7300 , 66753
7400 , 65769
7500 , 67591
7600 , 69989
7700 , 72036
7800 , 72350
7900 , 72498
8000 , 76067
8100 , 77823
8200 , 81609
8300 , 81536
8400 , 85362
8500 , 82502
8600 , 80575
8700 , 163139
8800 , 83533
8900 , 89686
9000 , 89786
9100 , 89644
9200 , 89885
9300 , 92594
9400 , 96412
9500 , 92750
9600 , 95116
9700 , 99863
9800 , 101793
9900 , 98861
10000 , 101486
